For call: ((5, 15, -30, 10, -5, 40, 10), 0, 1)
Return: (0, 1, 5)
For call: ((5, 15, -30, 10, -5, 40, 10), 1, 2)
Return: (1, 2, 15)
For call: ((5, 15, -30, 10, -5, 40, 10), 2, 3)
Return: (2, 3, -30)
For call: ((5, 15, -30, 10, -5, 40, 10), 1, 3)
Return: (1, 2, 15)
For call: ((5, 15, -30, 10, -5, 40, 10), 0, 3)
Return: (1, 2, 15)
For call: ((5, 15, -30, 10, -5, 40, 10), 3, 4)
Return: (3, 4, 10)
For call: ((5, 15, -30, 10, -5, 40, 10), 4, 5)
Return: (4, 5, -5)
For call: ((5, 15, -30, 10, -5, 40, 10), 3, 5)
Return: (3, 4, 10)
For call: ((5, 15, -30, 10, -5, 40, 10), 5, 6)
Return: (5, 6, 40)
For call: ((5, 15, -30, 10, -5, 40, 10), 6, 7)
Return: (6, 7, 10)
For call: ((5, 15, -30, 10, -5, 40, 10), 5, 7)
Return: (5, 6, 40)
For call: ((5, 15, -30, 10, -5, 40, 10), 3, 7)
Return: (3, 7, 55)
For call: ((5, 15, -30, 10, -5, 40, 10), 0, 7)
Return: (3, 7, 55)
(3, 7, 55)
